pm2.5,nadm_visina,o3,benzen,ge_sirina,pm10,co,no2,ge_dolzina,so2,CE Ljubljanska,CE bolnica,Hrastnik,Iskrba,Koper,Kranj,Krvavec,LJ Bežigrad,LJ Celovška,LJ Vič,MB Titova,MB Vrbanski,MS Cankarjeva,MS Rakičan,NG Grčna,Novo mesto,Otlica,Ptuj,Rečica v I.Bistrici,Trbovlje,Zagorje
30.0,299,19.0,,46.065851,32.0,0.5,27.0,14.517454,2.6666666666666665,0,0,0,0,0,0,0,1,0,0,0,0,0,0,0,0,0,0,0,0,0
34.0,305,34.3,,46.072399,38.0,0.5,38.0,14.491849,2.6666666666666665,0,0,0,0,0,0,0,0,1,0,0,0,0,0,0,0,0,0,0,0,0
29.0,293,34.3,,46.037791,32.0,0.5,21.0,14.494001,2.6666666666666665,0,0,0,0,0,0,0,0,0,1,0,0,0,0,0,0,0,0,0,0,0
33.0,388,34.3,,46.242115,35.0,0.5,21.0,14.366963,2.6666666666666665,0,0,0,0,0,1,0,0,0,0,0,0,0,0,0,0,0,0,0,0,0
17.0,270,34.3,,46.559202,20.0,0.5,29.0,15.656191,2.6666666666666665,0,0,0,0,0,0,0,0,0,0,1,0,0,0,0,0,0,0,0,0,0
19.0,279,22.0,,46.568683,23.0,0.5,13.0,15.631008,2.6666666666666665,0,0,0,0,0,0,0,0,0,0,0,1,0,0,0,0,0,0,0,0,0
23.0,240,25.0,,46.234818,24.0,0.5,19.0,15.267305,2.0,0,1,0,0,0,0,0,0,0,0,0,0,0,0,0,0,0,0,0,0,0
20.0,240,34.3,,46.235962,22.0,0.5,21.0,15.251062,2.6666666666666665,1,0,0,0,0,0,0,0,0,0,0,0,0,0,0,0,0,0,0,0,0
32.0,230,34.3,,46.425815,34.0,0.5,21.0,15.881421,2.6666666666666665,0,0,0,0,0,0,0,0,0,0,0,0,0,0,0,0,0,1,0,0,0
24.0,186,27.0,,46.652419,29.0,0.5,15.0,16.19628,2.6666666666666665,0,0,0,0,0,0,0,0,0,0,0,0,0,1,0,0,0,0,0,0,0
31.0,189,34.3,,46.658094,35.0,0.5,21.0,16.164192,2.6666666666666665,0,0,0,0,0,0,0,0,0,0,0,0,1,0,0,0,0,0,0,0,0
26.0,401,34.3,,46.1642427,31.0,0.5,21.0,14.9469897,2.6666666666666665,0,0,0,0,0,0,0,0,0,0,0,0,0,0,0,0,0,0,1,0,0
23.88888888888889,113,34.3,,45.95589,26.77777777777778,0.5,21.0,13.65702,2.6666666666666665,0,0,0,0,0,0,0,0,0,0,0,0,0,0,1,0,0,0,0,0,0
23.88888888888889,965,63.0,,45.937981,26.77777777777778,0.5,21.0,13.916222,2.6666666666666665,0,0,0,0,0,0,0,0,0,0,0,0,0,0,0,0,1,0,0,0,0
3.0,56,54.0,,45.54329,6.0,0.5,16.0,13.718135,2.6666666666666665,0,0,0,0,1,0,0,0,0,0,0,0,0,0,0,0,0,0,0,0,0
18.0,284,34.3,,46.157811,19.0,0.5,21.0,15.05875,2.6666666666666665,0,0,0,0,0,0,0,0,0,0,0,0,0,0,0,0,0,0,0,1,0
26.0,241,17.0,,46.131416,30.0,0.5,30.0,15.000906,4.0,0,0,0,0,0,0,0,0,0,0,0,0,0,0,0,0,0,0,0,0,1
14.0,290,34.3,,46.144213,15.0,0.5,21.0,15.088097,2.6666666666666665,0,0,1,0,0,0,0,0,0,0,0,0,0,0,0,0,0,0,0,0,0
41.0,220,9.0,,45.80208,44.0,0.5,19.0,15.18206,2.6666666666666665,0,0,0,0,0,0,0,0,0,0,0,0,0,0,0,1,0,0,0,0,0
10.0,540,36.0,,45.561344,13.0,0.5,4.0,14.862816,2.0,0,0,0,1,0,0,0,0,0,0,0,0,0,0,0,0,0,0,0,0,0
23.88888888888889,1742,71.0,,46.29768,26.77777777777778,0.5,21.0,14.538062,2.6666666666666665,0,0,0,0,0,0,1,0,0,0,0,0,0,0,0,0,0,0,0,0,0
