pm2.5,nadm_visina,o3,benzen,ge_sirina,pm10,co,no2,ge_dolzina,so2,CE Ljubljanska,CE bolnica,Hrastnik,Iskrba,Koper,Kranj,Krvavec,LJ Bežigrad,LJ Celovška,LJ Vič,MB Titova,MB Vrbanski,MS Cankarjeva,MS Rakičan,NG Grčna,Novo mesto,Otlica,Ptuj,Rečica v I.Bistrici,Trbovlje,Zagorje
30,299,19,,46.065851,32,0.5,27,14.517454,2.6666666666666665,0,0,0,0,0,0,0,1,0,0,0,0,0,0,0,0,0,0,0,0,0
34,305,,,46.072399,38,0.5,38,14.491849,2.6666666666666665,0,0,0,0,0,0,0,0,1,0,0,0,0,0,0,0,0,0,0,0,0
29,293,,,46.037791,32,0.5,,14.494001,2.6666666666666665,0,0,0,0,0,0,0,0,0,1,0,0,0,0,0,0,0,0,0,0,0
33,388,,,46.242115,35,0.5,,14.366963,2.6666666666666665,0,0,0,0,0,1,0,0,0,0,0,0,0,0,0,0,0,0,0,0,0
17,270,,,46.559202,20,0.5,29,15.656191,2.6666666666666665,0,0,0,0,0,0,0,0,0,0,1,0,0,0,0,0,0,0,0,0,0
19,279,22,,46.568683,23,0.5,13,15.631008,2.6666666666666665,0,0,0,0,0,0,0,0,0,0,0,1,0,0,0,0,0,0,0,0,0
23,240,25,,46.234818,24,0.5,19,15.267305,2.0,0,1,0,0,0,0,0,0,0,0,0,0,0,0,0,0,0,0,0,0,0
20,240,,,46.235962,22,0.5,,15.251062,2.6666666666666665,1,0,0,0,0,0,0,0,0,0,0,0,0,0,0,0,0,0,0,0,0
32,230,,,46.425815,34,0.5,,15.881421,2.6666666666666665,0,0,0,0,0,0,0,0,0,0,0,0,0,0,0,0,0,1,0,0,0
24,186,27,,46.652419,29,0.5,15,16.19628,2.6666666666666665,0,0,0,0,0,0,0,0,0,0,0,0,0,1,0,0,0,0,0,0,0
31,189,,,46.658094,35,0.5,,16.164192,2.6666666666666665,0,0,0,0,0,0,0,0,0,0,0,0,1,0,0,0,0,0,0,0,0
26,401,,,46.1642427,31,0.5,,14.9469897,2.6666666666666665,0,0,0,0,0,0,0,0,0,0,0,0,0,0,0,0,0,0,1,0,0
,113,,,45.95589,,0.5,,13.65702,2.6666666666666665,0,0,0,0,0,0,0,0,0,0,0,0,0,0,1,0,0,0,0,0,0
,965,63,,45.937981,,0.5,,13.916222,2.6666666666666665,0,0,0,0,0,0,0,0,0,0,0,0,0,0,0,0,1,0,0,0,0
3,56,54,,45.54329,6,0.5,16,13.718135,2.6666666666666665,0,0,0,0,1,0,0,0,0,0,0,0,0,0,0,0,0,0,0,0,0
18,284,,,46.157811,19,0.5,,15.05875,2.6666666666666665,0,0,0,0,0,0,0,0,0,0,0,0,0,0,0,0,0,0,0,1,0
26,241,17,,46.131416,30,0.5,30,15.000906,4.0,0,0,0,0,0,0,0,0,0,0,0,0,0,0,0,0,0,0,0,0,1
14,290,,,46.144213,15,0.5,,15.088097,2.6666666666666665,0,0,1,0,0,0,0,0,0,0,0,0,0,0,0,0,0,0,0,0,0
41,220,9,,45.80208,44,0.5,19,15.18206,2.6666666666666665,0,0,0,0,0,0,0,0,0,0,0,0,0,0,0,1,0,0,0,0,0
10,540,36,,45.561344,13,0.5,4,14.862816,2.0,0,0,0,1,0,0,0,0,0,0,0,0,0,0,0,0,0,0,0,0,0
,1742,71,,46.29768,,0.5,,14.538062,2.6666666666666665,0,0,0,0,0,0,1,0,0,0,0,0,0,0,0,0,0,0,0,0,0
